{
 "cells": [
  {
   "cell_type": "code",
   "execution_count": 1,
   "id": "34cfe31b",
   "metadata": {},
   "outputs": [],
   "source": [
    "import numpy as np \n",
    "import pandas as pd \n",
    "import matplotlib.pyplot as plt\n",
    "import seaborn as sns"
   ]
  },
  {
   "cell_type": "code",
   "execution_count": 20,
   "id": "9080f99e",
   "metadata": {},
   "outputs": [
    {
     "name": "stdout",
     "output_type": "stream",
     "text": [
      "jm1 shape:  (10885, 22)\n"
     ]
    },
    {
     "data": {
      "text/html": [
       "<div>\n",
       "<style scoped>\n",
       "    .dataframe tbody tr th:only-of-type {\n",
       "        vertical-align: middle;\n",
       "    }\n",
       "\n",
       "    .dataframe tbody tr th {\n",
       "        vertical-align: top;\n",
       "    }\n",
       "\n",
       "    .dataframe thead th {\n",
       "        text-align: right;\n",
       "    }\n",
       "</style>\n",
       "<table border=\"1\" class=\"dataframe\">\n",
       "  <thead>\n",
       "    <tr style=\"text-align: right;\">\n",
       "      <th></th>\n",
       "      <th>loc</th>\n",
       "      <th>v(g)</th>\n",
       "      <th>ev(g)</th>\n",
       "      <th>iv(g)</th>\n",
       "      <th>n</th>\n",
       "      <th>v</th>\n",
       "      <th>l</th>\n",
       "      <th>d</th>\n",
       "      <th>i</th>\n",
       "      <th>e</th>\n",
       "      <th>...</th>\n",
       "      <th>lOCode</th>\n",
       "      <th>lOComment</th>\n",
       "      <th>lOBlank</th>\n",
       "      <th>locCodeAndComment</th>\n",
       "      <th>uniq_Op</th>\n",
       "      <th>uniq_Opnd</th>\n",
       "      <th>total_Op</th>\n",
       "      <th>total_Opnd</th>\n",
       "      <th>branchCount</th>\n",
       "      <th>defects</th>\n",
       "    </tr>\n",
       "  </thead>\n",
       "  <tbody>\n",
       "    <tr>\n",
       "      <th>0</th>\n",
       "      <td>1.1</td>\n",
       "      <td>1.4</td>\n",
       "      <td>1.4</td>\n",
       "      <td>1.4</td>\n",
       "      <td>1.3</td>\n",
       "      <td>1.30</td>\n",
       "      <td>1.30</td>\n",
       "      <td>1.30</td>\n",
       "      <td>1.30</td>\n",
       "      <td>1.30</td>\n",
       "      <td>...</td>\n",
       "      <td>2</td>\n",
       "      <td>2</td>\n",
       "      <td>2</td>\n",
       "      <td>2</td>\n",
       "      <td>1.2</td>\n",
       "      <td>1.2</td>\n",
       "      <td>1.2</td>\n",
       "      <td>1.2</td>\n",
       "      <td>1.4</td>\n",
       "      <td>False</td>\n",
       "    </tr>\n",
       "    <tr>\n",
       "      <th>1</th>\n",
       "      <td>1.0</td>\n",
       "      <td>1.0</td>\n",
       "      <td>1.0</td>\n",
       "      <td>1.0</td>\n",
       "      <td>1.0</td>\n",
       "      <td>1.00</td>\n",
       "      <td>1.00</td>\n",
       "      <td>1.00</td>\n",
       "      <td>1.00</td>\n",
       "      <td>1.00</td>\n",
       "      <td>...</td>\n",
       "      <td>1</td>\n",
       "      <td>1</td>\n",
       "      <td>1</td>\n",
       "      <td>1</td>\n",
       "      <td>1</td>\n",
       "      <td>1</td>\n",
       "      <td>1</td>\n",
       "      <td>1</td>\n",
       "      <td>1</td>\n",
       "      <td>True</td>\n",
       "    </tr>\n",
       "    <tr>\n",
       "      <th>2</th>\n",
       "      <td>72.0</td>\n",
       "      <td>7.0</td>\n",
       "      <td>1.0</td>\n",
       "      <td>6.0</td>\n",
       "      <td>198.0</td>\n",
       "      <td>1134.13</td>\n",
       "      <td>0.05</td>\n",
       "      <td>20.31</td>\n",
       "      <td>55.85</td>\n",
       "      <td>23029.10</td>\n",
       "      <td>...</td>\n",
       "      <td>51</td>\n",
       "      <td>10</td>\n",
       "      <td>8</td>\n",
       "      <td>1</td>\n",
       "      <td>17</td>\n",
       "      <td>36</td>\n",
       "      <td>112</td>\n",
       "      <td>86</td>\n",
       "      <td>13</td>\n",
       "      <td>True</td>\n",
       "    </tr>\n",
       "    <tr>\n",
       "      <th>3</th>\n",
       "      <td>190.0</td>\n",
       "      <td>3.0</td>\n",
       "      <td>1.0</td>\n",
       "      <td>3.0</td>\n",
       "      <td>600.0</td>\n",
       "      <td>4348.76</td>\n",
       "      <td>0.06</td>\n",
       "      <td>17.06</td>\n",
       "      <td>254.87</td>\n",
       "      <td>74202.67</td>\n",
       "      <td>...</td>\n",
       "      <td>129</td>\n",
       "      <td>29</td>\n",
       "      <td>28</td>\n",
       "      <td>2</td>\n",
       "      <td>17</td>\n",
       "      <td>135</td>\n",
       "      <td>329</td>\n",
       "      <td>271</td>\n",
       "      <td>5</td>\n",
       "      <td>True</td>\n",
       "    </tr>\n",
       "    <tr>\n",
       "      <th>4</th>\n",
       "      <td>37.0</td>\n",
       "      <td>4.0</td>\n",
       "      <td>1.0</td>\n",
       "      <td>4.0</td>\n",
       "      <td>126.0</td>\n",
       "      <td>599.12</td>\n",
       "      <td>0.06</td>\n",
       "      <td>17.19</td>\n",
       "      <td>34.86</td>\n",
       "      <td>10297.30</td>\n",
       "      <td>...</td>\n",
       "      <td>28</td>\n",
       "      <td>1</td>\n",
       "      <td>6</td>\n",
       "      <td>0</td>\n",
       "      <td>11</td>\n",
       "      <td>16</td>\n",
       "      <td>76</td>\n",
       "      <td>50</td>\n",
       "      <td>7</td>\n",
       "      <td>True</td>\n",
       "    </tr>\n",
       "  </tbody>\n",
       "</table>\n",
       "<p>5 rows × 22 columns</p>\n",
       "</div>"
      ],
      "text/plain": [
       "     loc  v(g)  ev(g)  iv(g)      n        v     l      d       i         e  \\\n",
       "0    1.1   1.4    1.4    1.4    1.3     1.30  1.30   1.30    1.30      1.30   \n",
       "1    1.0   1.0    1.0    1.0    1.0     1.00  1.00   1.00    1.00      1.00   \n",
       "2   72.0   7.0    1.0    6.0  198.0  1134.13  0.05  20.31   55.85  23029.10   \n",
       "3  190.0   3.0    1.0    3.0  600.0  4348.76  0.06  17.06  254.87  74202.67   \n",
       "4   37.0   4.0    1.0    4.0  126.0   599.12  0.06  17.19   34.86  10297.30   \n",
       "\n",
       "   ...  lOCode  lOComment  lOBlank  locCodeAndComment  uniq_Op  uniq_Opnd  \\\n",
       "0  ...       2          2        2                  2      1.2        1.2   \n",
       "1  ...       1          1        1                  1        1          1   \n",
       "2  ...      51         10        8                  1       17         36   \n",
       "3  ...     129         29       28                  2       17        135   \n",
       "4  ...      28          1        6                  0       11         16   \n",
       "\n",
       "  total_Op total_Opnd branchCount defects  \n",
       "0      1.2        1.2         1.4   False  \n",
       "1        1          1           1    True  \n",
       "2      112         86          13    True  \n",
       "3      329        271           5    True  \n",
       "4       76         50           7    True  \n",
       "\n",
       "[5 rows x 22 columns]"
      ]
     },
     "execution_count": 20,
     "metadata": {},
     "output_type": "execute_result"
    }
   ],
   "source": [
    "# Load data\n",
    "jm1 = pd.read_csv(r'C:\\Users\\KIIT\\Desktop\\PhD@KiiT\\Research Works\\Experiments\\Dataset\\NASA datasets\\jm1_csv.csv')\n",
    "jm1=jm1.replace('?',0)\n",
    "print('jm1 shape: ', jm1.shape)\n",
    "jm1.head()"
   ]
  },
  {
   "cell_type": "code",
   "execution_count": 21,
   "id": "ffae5dfb",
   "metadata": {},
   "outputs": [
    {
     "name": "stdout",
     "output_type": "stream",
     "text": [
      "<class 'pandas.core.frame.DataFrame'>\n",
      "RangeIndex: 10885 entries, 0 to 10884\n",
      "Data columns (total 22 columns):\n",
      " #   Column             Non-Null Count  Dtype  \n",
      "---  ------             --------------  -----  \n",
      " 0   loc                10885 non-null  float64\n",
      " 1   v(g)               10885 non-null  float64\n",
      " 2   ev(g)              10885 non-null  float64\n",
      " 3   iv(g)              10885 non-null  float64\n",
      " 4   n                  10885 non-null  float64\n",
      " 5   v                  10885 non-null  float64\n",
      " 6   l                  10885 non-null  float64\n",
      " 7   d                  10885 non-null  float64\n",
      " 8   i                  10885 non-null  float64\n",
      " 9   e                  10885 non-null  float64\n",
      " 10  b                  10885 non-null  float64\n",
      " 11  t                  10885 non-null  float64\n",
      " 12  lOCode             10885 non-null  int64  \n",
      " 13  lOComment          10885 non-null  int64  \n",
      " 14  lOBlank            10885 non-null  int64  \n",
      " 15  locCodeAndComment  10885 non-null  int64  \n",
      " 16  uniq_Op            10885 non-null  object \n",
      " 17  uniq_Opnd          10885 non-null  object \n",
      " 18  total_Op           10885 non-null  object \n",
      " 19  total_Opnd         10885 non-null  object \n",
      " 20  branchCount        10885 non-null  object \n",
      " 21  defects            10885 non-null  bool   \n",
      "dtypes: bool(1), float64(12), int64(4), object(5)\n",
      "memory usage: 1.8+ MB\n"
     ]
    }
   ],
   "source": [
    "jm1.info()"
   ]
  },
  {
   "cell_type": "code",
   "execution_count": 22,
   "id": "40c90b22",
   "metadata": {},
   "outputs": [
    {
     "data": {
      "text/html": [
       "<div>\n",
       "<style scoped>\n",
       "    .dataframe tbody tr th:only-of-type {\n",
       "        vertical-align: middle;\n",
       "    }\n",
       "\n",
       "    .dataframe tbody tr th {\n",
       "        vertical-align: top;\n",
       "    }\n",
       "\n",
       "    .dataframe thead th {\n",
       "        text-align: right;\n",
       "    }\n",
       "</style>\n",
       "<table border=\"1\" class=\"dataframe\">\n",
       "  <thead>\n",
       "    <tr style=\"text-align: right;\">\n",
       "      <th></th>\n",
       "      <th>loc</th>\n",
       "      <th>v(g)</th>\n",
       "      <th>ev(g)</th>\n",
       "      <th>iv(g)</th>\n",
       "      <th>n</th>\n",
       "      <th>v</th>\n",
       "      <th>l</th>\n",
       "      <th>d</th>\n",
       "      <th>i</th>\n",
       "      <th>e</th>\n",
       "      <th>b</th>\n",
       "      <th>t</th>\n",
       "      <th>lOCode</th>\n",
       "      <th>lOComment</th>\n",
       "      <th>lOBlank</th>\n",
       "      <th>locCodeAndComment</th>\n",
       "    </tr>\n",
       "  </thead>\n",
       "  <tbody>\n",
       "    <tr>\n",
       "      <th>count</th>\n",
       "      <td>10885.000000</td>\n",
       "      <td>10885.000000</td>\n",
       "      <td>10885.000000</td>\n",
       "      <td>10885.000000</td>\n",
       "      <td>10885.000000</td>\n",
       "      <td>10885.000000</td>\n",
       "      <td>10885.000000</td>\n",
       "      <td>10885.000000</td>\n",
       "      <td>10885.000000</td>\n",
       "      <td>1.088500e+04</td>\n",
       "      <td>10885.000000</td>\n",
       "      <td>1.088500e+04</td>\n",
       "      <td>10885.000000</td>\n",
       "      <td>10885.000000</td>\n",
       "      <td>10885.00000</td>\n",
       "      <td>10885.000000</td>\n",
       "    </tr>\n",
       "    <tr>\n",
       "      <th>mean</th>\n",
       "      <td>42.016178</td>\n",
       "      <td>6.348590</td>\n",
       "      <td>3.401047</td>\n",
       "      <td>4.001599</td>\n",
       "      <td>114.389738</td>\n",
       "      <td>673.758017</td>\n",
       "      <td>0.135335</td>\n",
       "      <td>14.177237</td>\n",
       "      <td>29.439544</td>\n",
       "      <td>3.683637e+04</td>\n",
       "      <td>0.224766</td>\n",
       "      <td>2.046465e+03</td>\n",
       "      <td>26.252274</td>\n",
       "      <td>2.737529</td>\n",
       "      <td>4.62554</td>\n",
       "      <td>0.370785</td>\n",
       "    </tr>\n",
       "    <tr>\n",
       "      <th>std</th>\n",
       "      <td>76.593332</td>\n",
       "      <td>13.019695</td>\n",
       "      <td>6.771869</td>\n",
       "      <td>9.116889</td>\n",
       "      <td>249.502091</td>\n",
       "      <td>1938.856196</td>\n",
       "      <td>0.160538</td>\n",
       "      <td>18.709900</td>\n",
       "      <td>34.418313</td>\n",
       "      <td>4.343678e+05</td>\n",
       "      <td>0.646408</td>\n",
       "      <td>2.413154e+04</td>\n",
       "      <td>59.611201</td>\n",
       "      <td>9.008608</td>\n",
       "      <td>9.96813</td>\n",
       "      <td>1.907969</td>\n",
       "    </tr>\n",
       "    <tr>\n",
       "      <th>min</th>\n",
       "      <td>1.000000</td>\n",
       "      <td>1.000000</td>\n",
       "      <td>1.000000</td>\n",
       "      <td>1.000000</td>\n",
       "      <td>0.000000</td>\n",
       "      <td>0.000000</td>\n",
       "      <td>0.000000</td>\n",
       "      <td>0.000000</td>\n",
       "      <td>0.000000</td>\n",
       "      <td>0.000000e+00</td>\n",
       "      <td>0.000000</td>\n",
       "      <td>0.000000e+00</td>\n",
       "      <td>0.000000</td>\n",
       "      <td>0.000000</td>\n",
       "      <td>0.00000</td>\n",
       "      <td>0.000000</td>\n",
       "    </tr>\n",
       "    <tr>\n",
       "      <th>25%</th>\n",
       "      <td>11.000000</td>\n",
       "      <td>2.000000</td>\n",
       "      <td>1.000000</td>\n",
       "      <td>1.000000</td>\n",
       "      <td>14.000000</td>\n",
       "      <td>48.430000</td>\n",
       "      <td>0.030000</td>\n",
       "      <td>3.000000</td>\n",
       "      <td>11.860000</td>\n",
       "      <td>1.619400e+02</td>\n",
       "      <td>0.020000</td>\n",
       "      <td>9.000000e+00</td>\n",
       "      <td>4.000000</td>\n",
       "      <td>0.000000</td>\n",
       "      <td>0.00000</td>\n",
       "      <td>0.000000</td>\n",
       "    </tr>\n",
       "    <tr>\n",
       "      <th>50%</th>\n",
       "      <td>23.000000</td>\n",
       "      <td>3.000000</td>\n",
       "      <td>1.000000</td>\n",
       "      <td>2.000000</td>\n",
       "      <td>49.000000</td>\n",
       "      <td>217.130000</td>\n",
       "      <td>0.080000</td>\n",
       "      <td>9.090000</td>\n",
       "      <td>21.930000</td>\n",
       "      <td>2.031020e+03</td>\n",
       "      <td>0.070000</td>\n",
       "      <td>1.128300e+02</td>\n",
       "      <td>13.000000</td>\n",
       "      <td>0.000000</td>\n",
       "      <td>2.00000</td>\n",
       "      <td>0.000000</td>\n",
       "    </tr>\n",
       "    <tr>\n",
       "      <th>75%</th>\n",
       "      <td>46.000000</td>\n",
       "      <td>7.000000</td>\n",
       "      <td>3.000000</td>\n",
       "      <td>4.000000</td>\n",
       "      <td>119.000000</td>\n",
       "      <td>621.480000</td>\n",
       "      <td>0.160000</td>\n",
       "      <td>18.900000</td>\n",
       "      <td>36.780000</td>\n",
       "      <td>1.141643e+04</td>\n",
       "      <td>0.210000</td>\n",
       "      <td>6.342500e+02</td>\n",
       "      <td>28.000000</td>\n",
       "      <td>2.000000</td>\n",
       "      <td>5.00000</td>\n",
       "      <td>0.000000</td>\n",
       "    </tr>\n",
       "    <tr>\n",
       "      <th>max</th>\n",
       "      <td>3442.000000</td>\n",
       "      <td>470.000000</td>\n",
       "      <td>165.000000</td>\n",
       "      <td>402.000000</td>\n",
       "      <td>8441.000000</td>\n",
       "      <td>80843.080000</td>\n",
       "      <td>1.300000</td>\n",
       "      <td>418.200000</td>\n",
       "      <td>569.780000</td>\n",
       "      <td>3.107978e+07</td>\n",
       "      <td>26.950000</td>\n",
       "      <td>1.726655e+06</td>\n",
       "      <td>2824.000000</td>\n",
       "      <td>344.000000</td>\n",
       "      <td>447.00000</td>\n",
       "      <td>108.000000</td>\n",
       "    </tr>\n",
       "  </tbody>\n",
       "</table>\n",
       "</div>"
      ],
      "text/plain": [
       "                loc          v(g)         ev(g)         iv(g)             n  \\\n",
       "count  10885.000000  10885.000000  10885.000000  10885.000000  10885.000000   \n",
       "mean      42.016178      6.348590      3.401047      4.001599    114.389738   \n",
       "std       76.593332     13.019695      6.771869      9.116889    249.502091   \n",
       "min        1.000000      1.000000      1.000000      1.000000      0.000000   \n",
       "25%       11.000000      2.000000      1.000000      1.000000     14.000000   \n",
       "50%       23.000000      3.000000      1.000000      2.000000     49.000000   \n",
       "75%       46.000000      7.000000      3.000000      4.000000    119.000000   \n",
       "max     3442.000000    470.000000    165.000000    402.000000   8441.000000   \n",
       "\n",
       "                  v             l             d             i             e  \\\n",
       "count  10885.000000  10885.000000  10885.000000  10885.000000  1.088500e+04   \n",
       "mean     673.758017      0.135335     14.177237     29.439544  3.683637e+04   \n",
       "std     1938.856196      0.160538     18.709900     34.418313  4.343678e+05   \n",
       "min        0.000000      0.000000      0.000000      0.000000  0.000000e+00   \n",
       "25%       48.430000      0.030000      3.000000     11.860000  1.619400e+02   \n",
       "50%      217.130000      0.080000      9.090000     21.930000  2.031020e+03   \n",
       "75%      621.480000      0.160000     18.900000     36.780000  1.141643e+04   \n",
       "max    80843.080000      1.300000    418.200000    569.780000  3.107978e+07   \n",
       "\n",
       "                  b             t        lOCode     lOComment      lOBlank  \\\n",
       "count  10885.000000  1.088500e+04  10885.000000  10885.000000  10885.00000   \n",
       "mean       0.224766  2.046465e+03     26.252274      2.737529      4.62554   \n",
       "std        0.646408  2.413154e+04     59.611201      9.008608      9.96813   \n",
       "min        0.000000  0.000000e+00      0.000000      0.000000      0.00000   \n",
       "25%        0.020000  9.000000e+00      4.000000      0.000000      0.00000   \n",
       "50%        0.070000  1.128300e+02     13.000000      0.000000      2.00000   \n",
       "75%        0.210000  6.342500e+02     28.000000      2.000000      5.00000   \n",
       "max       26.950000  1.726655e+06   2824.000000    344.000000    447.00000   \n",
       "\n",
       "       locCodeAndComment  \n",
       "count       10885.000000  \n",
       "mean            0.370785  \n",
       "std             1.907969  \n",
       "min             0.000000  \n",
       "25%             0.000000  \n",
       "50%             0.000000  \n",
       "75%             0.000000  \n",
       "max           108.000000  "
      ]
     },
     "execution_count": 22,
     "metadata": {},
     "output_type": "execute_result"
    }
   ],
   "source": [
    "jm1.describe()"
   ]
  },
  {
   "cell_type": "code",
   "execution_count": 23,
   "id": "ffcbf6e5",
   "metadata": {},
   "outputs": [
    {
     "data": {
      "text/html": [
       "<div>\n",
       "<style scoped>\n",
       "    .dataframe tbody tr th:only-of-type {\n",
       "        vertical-align: middle;\n",
       "    }\n",
       "\n",
       "    .dataframe tbody tr th {\n",
       "        vertical-align: top;\n",
       "    }\n",
       "\n",
       "    .dataframe thead th {\n",
       "        text-align: right;\n",
       "    }\n",
       "</style>\n",
       "<table border=\"1\" class=\"dataframe\">\n",
       "  <thead>\n",
       "    <tr style=\"text-align: right;\">\n",
       "      <th></th>\n",
       "      <th>loc</th>\n",
       "      <th>v(g)</th>\n",
       "      <th>ev(g)</th>\n",
       "      <th>iv(g)</th>\n",
       "      <th>n</th>\n",
       "      <th>v</th>\n",
       "      <th>l</th>\n",
       "      <th>d</th>\n",
       "      <th>i</th>\n",
       "      <th>e</th>\n",
       "      <th>b</th>\n",
       "      <th>t</th>\n",
       "      <th>lOCode</th>\n",
       "      <th>lOComment</th>\n",
       "      <th>lOBlank</th>\n",
       "      <th>locCodeAndComment</th>\n",
       "      <th>defects</th>\n",
       "    </tr>\n",
       "  </thead>\n",
       "  <tbody>\n",
       "    <tr>\n",
       "      <th>loc</th>\n",
       "      <td>1.000000</td>\n",
       "      <td>0.817757</td>\n",
       "      <td>0.517551</td>\n",
       "      <td>0.784057</td>\n",
       "      <td>0.881795</td>\n",
       "      <td>0.900293</td>\n",
       "      <td>-0.286587</td>\n",
       "      <td>0.689543</td>\n",
       "      <td>0.499946</td>\n",
       "      <td>0.750564</td>\n",
       "      <td>0.899965</td>\n",
       "      <td>0.750564</td>\n",
       "      <td>0.921918</td>\n",
       "      <td>0.612858</td>\n",
       "      <td>0.803573</td>\n",
       "      <td>0.278119</td>\n",
       "      <td>0.245388</td>\n",
       "    </tr>\n",
       "    <tr>\n",
       "      <th>v(g)</th>\n",
       "      <td>0.817757</td>\n",
       "      <td>1.000000</td>\n",
       "      <td>0.701710</td>\n",
       "      <td>0.859590</td>\n",
       "      <td>0.730781</td>\n",
       "      <td>0.759881</td>\n",
       "      <td>-0.252902</td>\n",
       "      <td>0.669057</td>\n",
       "      <td>0.303031</td>\n",
       "      <td>0.709501</td>\n",
       "      <td>0.759635</td>\n",
       "      <td>0.709501</td>\n",
       "      <td>0.799915</td>\n",
       "      <td>0.384506</td>\n",
       "      <td>0.538366</td>\n",
       "      <td>0.209811</td>\n",
       "      <td>0.208644</td>\n",
       "    </tr>\n",
       "    <tr>\n",
       "      <th>ev(g)</th>\n",
       "      <td>0.517551</td>\n",
       "      <td>0.701710</td>\n",
       "      <td>1.000000</td>\n",
       "      <td>0.639574</td>\n",
       "      <td>0.465992</td>\n",
       "      <td>0.445902</td>\n",
       "      <td>-0.233982</td>\n",
       "      <td>0.434009</td>\n",
       "      <td>0.213211</td>\n",
       "      <td>0.315538</td>\n",
       "      <td>0.445693</td>\n",
       "      <td>0.315538</td>\n",
       "      <td>0.454604</td>\n",
       "      <td>0.294208</td>\n",
       "      <td>0.338243</td>\n",
       "      <td>0.190911</td>\n",
       "      <td>0.172973</td>\n",
       "    </tr>\n",
       "    <tr>\n",
       "      <th>iv(g)</th>\n",
       "      <td>0.784057</td>\n",
       "      <td>0.859590</td>\n",
       "      <td>0.639574</td>\n",
       "      <td>1.000000</td>\n",
       "      <td>0.702415</td>\n",
       "      <td>0.743193</td>\n",
       "      <td>-0.197736</td>\n",
       "      <td>0.575369</td>\n",
       "      <td>0.309717</td>\n",
       "      <td>0.757702</td>\n",
       "      <td>0.743013</td>\n",
       "      <td>0.757702</td>\n",
       "      <td>0.775873</td>\n",
       "      <td>0.351583</td>\n",
       "      <td>0.541296</td>\n",
       "      <td>0.207028</td>\n",
       "      <td>0.181984</td>\n",
       "    </tr>\n",
       "    <tr>\n",
       "      <th>n</th>\n",
       "      <td>0.881795</td>\n",
       "      <td>0.730781</td>\n",
       "      <td>0.465992</td>\n",
       "      <td>0.702415</td>\n",
       "      <td>1.000000</td>\n",
       "      <td>0.984276</td>\n",
       "      <td>-0.240749</td>\n",
       "      <td>0.808113</td>\n",
       "      <td>0.651209</td>\n",
       "      <td>0.716536</td>\n",
       "      <td>0.983938</td>\n",
       "      <td>0.716536</td>\n",
       "      <td>0.944383</td>\n",
       "      <td>0.596374</td>\n",
       "      <td>0.798561</td>\n",
       "      <td>0.284391</td>\n",
       "      <td>0.204143</td>\n",
       "    </tr>\n",
       "    <tr>\n",
       "      <th>v</th>\n",
       "      <td>0.900293</td>\n",
       "      <td>0.759881</td>\n",
       "      <td>0.445902</td>\n",
       "      <td>0.743193</td>\n",
       "      <td>0.984276</td>\n",
       "      <td>1.000000</td>\n",
       "      <td>-0.198104</td>\n",
       "      <td>0.752206</td>\n",
       "      <td>0.598743</td>\n",
       "      <td>0.800000</td>\n",
       "      <td>0.999696</td>\n",
       "      <td>0.800000</td>\n",
       "      <td>0.962078</td>\n",
       "      <td>0.576844</td>\n",
       "      <td>0.792330</td>\n",
       "      <td>0.266537</td>\n",
       "      <td>0.189136</td>\n",
       "    </tr>\n",
       "    <tr>\n",
       "      <th>l</th>\n",
       "      <td>-0.286587</td>\n",
       "      <td>-0.252902</td>\n",
       "      <td>-0.233982</td>\n",
       "      <td>-0.197736</td>\n",
       "      <td>-0.240749</td>\n",
       "      <td>-0.198104</td>\n",
       "      <td>1.000000</td>\n",
       "      <td>-0.347215</td>\n",
       "      <td>-0.166801</td>\n",
       "      <td>-0.062026</td>\n",
       "      <td>-0.196147</td>\n",
       "      <td>-0.062026</td>\n",
       "      <td>-0.218373</td>\n",
       "      <td>-0.165885</td>\n",
       "      <td>-0.223670</td>\n",
       "      <td>-0.106117</td>\n",
       "      <td>-0.164917</td>\n",
       "    </tr>\n",
       "    <tr>\n",
       "      <th>d</th>\n",
       "      <td>0.689543</td>\n",
       "      <td>0.669057</td>\n",
       "      <td>0.434009</td>\n",
       "      <td>0.575369</td>\n",
       "      <td>0.808113</td>\n",
       "      <td>0.752206</td>\n",
       "      <td>-0.347215</td>\n",
       "      <td>1.000000</td>\n",
       "      <td>0.398162</td>\n",
       "      <td>0.574298</td>\n",
       "      <td>0.751835</td>\n",
       "      <td>0.574298</td>\n",
       "      <td>0.768188</td>\n",
       "      <td>0.502121</td>\n",
       "      <td>0.637211</td>\n",
       "      <td>0.253793</td>\n",
       "      <td>0.169629</td>\n",
       "    </tr>\n",
       "    <tr>\n",
       "      <th>i</th>\n",
       "      <td>0.499946</td>\n",
       "      <td>0.303031</td>\n",
       "      <td>0.213211</td>\n",
       "      <td>0.309717</td>\n",
       "      <td>0.651209</td>\n",
       "      <td>0.598743</td>\n",
       "      <td>-0.166801</td>\n",
       "      <td>0.398162</td>\n",
       "      <td>1.000000</td>\n",
       "      <td>0.209268</td>\n",
       "      <td>0.598341</td>\n",
       "      <td>0.209268</td>\n",
       "      <td>0.563920</td>\n",
       "      <td>0.392551</td>\n",
       "      <td>0.572352</td>\n",
       "      <td>0.217810</td>\n",
       "      <td>0.192831</td>\n",
       "    </tr>\n",
       "    <tr>\n",
       "      <th>e</th>\n",
       "      <td>0.750564</td>\n",
       "      <td>0.709501</td>\n",
       "      <td>0.315538</td>\n",
       "      <td>0.757702</td>\n",
       "      <td>0.716536</td>\n",
       "      <td>0.800000</td>\n",
       "      <td>-0.062026</td>\n",
       "      <td>0.574298</td>\n",
       "      <td>0.209268</td>\n",
       "      <td>1.000000</td>\n",
       "      <td>0.799868</td>\n",
       "      <td>1.000000</td>\n",
       "      <td>0.809070</td>\n",
       "      <td>0.384806</td>\n",
       "      <td>0.600649</td>\n",
       "      <td>0.148693</td>\n",
       "      <td>0.086036</td>\n",
       "    </tr>\n",
       "    <tr>\n",
       "      <th>b</th>\n",
       "      <td>0.899965</td>\n",
       "      <td>0.759635</td>\n",
       "      <td>0.445693</td>\n",
       "      <td>0.743013</td>\n",
       "      <td>0.983938</td>\n",
       "      <td>0.999696</td>\n",
       "      <td>-0.196147</td>\n",
       "      <td>0.751835</td>\n",
       "      <td>0.598341</td>\n",
       "      <td>0.799868</td>\n",
       "      <td>1.000000</td>\n",
       "      <td>0.799868</td>\n",
       "      <td>0.961779</td>\n",
       "      <td>0.576678</td>\n",
       "      <td>0.792081</td>\n",
       "      <td>0.266720</td>\n",
       "      <td>0.189342</td>\n",
       "    </tr>\n",
       "    <tr>\n",
       "      <th>t</th>\n",
       "      <td>0.750564</td>\n",
       "      <td>0.709501</td>\n",
       "      <td>0.315538</td>\n",
       "      <td>0.757702</td>\n",
       "      <td>0.716536</td>\n",
       "      <td>0.800000</td>\n",
       "      <td>-0.062026</td>\n",
       "      <td>0.574298</td>\n",
       "      <td>0.209268</td>\n",
       "      <td>1.000000</td>\n",
       "      <td>0.799868</td>\n",
       "      <td>1.000000</td>\n",
       "      <td>0.809070</td>\n",
       "      <td>0.384806</td>\n",
       "      <td>0.600649</td>\n",
       "      <td>0.148693</td>\n",
       "      <td>0.086036</td>\n",
       "    </tr>\n",
       "    <tr>\n",
       "      <th>lOCode</th>\n",
       "      <td>0.921918</td>\n",
       "      <td>0.799915</td>\n",
       "      <td>0.454604</td>\n",
       "      <td>0.775873</td>\n",
       "      <td>0.944383</td>\n",
       "      <td>0.962078</td>\n",
       "      <td>-0.218373</td>\n",
       "      <td>0.768188</td>\n",
       "      <td>0.563920</td>\n",
       "      <td>0.809070</td>\n",
       "      <td>0.961779</td>\n",
       "      <td>0.809070</td>\n",
       "      <td>1.000000</td>\n",
       "      <td>0.553121</td>\n",
       "      <td>0.807319</td>\n",
       "      <td>0.259133</td>\n",
       "      <td>0.195897</td>\n",
       "    </tr>\n",
       "    <tr>\n",
       "      <th>lOComment</th>\n",
       "      <td>0.612858</td>\n",
       "      <td>0.384506</td>\n",
       "      <td>0.294208</td>\n",
       "      <td>0.351583</td>\n",
       "      <td>0.596374</td>\n",
       "      <td>0.576844</td>\n",
       "      <td>-0.165885</td>\n",
       "      <td>0.502121</td>\n",
       "      <td>0.392551</td>\n",
       "      <td>0.384806</td>\n",
       "      <td>0.576678</td>\n",
       "      <td>0.384806</td>\n",
       "      <td>0.553121</td>\n",
       "      <td>1.000000</td>\n",
       "      <td>0.620149</td>\n",
       "      <td>0.262013</td>\n",
       "      <td>0.160887</td>\n",
       "    </tr>\n",
       "    <tr>\n",
       "      <th>lOBlank</th>\n",
       "      <td>0.803573</td>\n",
       "      <td>0.538366</td>\n",
       "      <td>0.338243</td>\n",
       "      <td>0.541296</td>\n",
       "      <td>0.798561</td>\n",
       "      <td>0.792330</td>\n",
       "      <td>-0.223670</td>\n",
       "      <td>0.637211</td>\n",
       "      <td>0.572352</td>\n",
       "      <td>0.600649</td>\n",
       "      <td>0.792081</td>\n",
       "      <td>0.600649</td>\n",
       "      <td>0.807319</td>\n",
       "      <td>0.620149</td>\n",
       "      <td>1.000000</td>\n",
       "      <td>0.270338</td>\n",
       "      <td>0.199644</td>\n",
       "    </tr>\n",
       "    <tr>\n",
       "      <th>locCodeAndComment</th>\n",
       "      <td>0.278119</td>\n",
       "      <td>0.209811</td>\n",
       "      <td>0.190911</td>\n",
       "      <td>0.207028</td>\n",
       "      <td>0.284391</td>\n",
       "      <td>0.266537</td>\n",
       "      <td>-0.106117</td>\n",
       "      <td>0.253793</td>\n",
       "      <td>0.217810</td>\n",
       "      <td>0.148693</td>\n",
       "      <td>0.266720</td>\n",
       "      <td>0.148693</td>\n",
       "      <td>0.259133</td>\n",
       "      <td>0.262013</td>\n",
       "      <td>0.270338</td>\n",
       "      <td>1.000000</td>\n",
       "      <td>0.117891</td>\n",
       "    </tr>\n",
       "    <tr>\n",
       "      <th>defects</th>\n",
       "      <td>0.245388</td>\n",
       "      <td>0.208644</td>\n",
       "      <td>0.172973</td>\n",
       "      <td>0.181984</td>\n",
       "      <td>0.204143</td>\n",
       "      <td>0.189136</td>\n",
       "      <td>-0.164917</td>\n",
       "      <td>0.169629</td>\n",
       "      <td>0.192831</td>\n",
       "      <td>0.086036</td>\n",
       "      <td>0.189342</td>\n",
       "      <td>0.086036</td>\n",
       "      <td>0.195897</td>\n",
       "      <td>0.160887</td>\n",
       "      <td>0.199644</td>\n",
       "      <td>0.117891</td>\n",
       "      <td>1.000000</td>\n",
       "    </tr>\n",
       "  </tbody>\n",
       "</table>\n",
       "</div>"
      ],
      "text/plain": [
       "                        loc      v(g)     ev(g)     iv(g)         n         v  \\\n",
       "loc                1.000000  0.817757  0.517551  0.784057  0.881795  0.900293   \n",
       "v(g)               0.817757  1.000000  0.701710  0.859590  0.730781  0.759881   \n",
       "ev(g)              0.517551  0.701710  1.000000  0.639574  0.465992  0.445902   \n",
       "iv(g)              0.784057  0.859590  0.639574  1.000000  0.702415  0.743193   \n",
       "n                  0.881795  0.730781  0.465992  0.702415  1.000000  0.984276   \n",
       "v                  0.900293  0.759881  0.445902  0.743193  0.984276  1.000000   \n",
       "l                 -0.286587 -0.252902 -0.233982 -0.197736 -0.240749 -0.198104   \n",
       "d                  0.689543  0.669057  0.434009  0.575369  0.808113  0.752206   \n",
       "i                  0.499946  0.303031  0.213211  0.309717  0.651209  0.598743   \n",
       "e                  0.750564  0.709501  0.315538  0.757702  0.716536  0.800000   \n",
       "b                  0.899965  0.759635  0.445693  0.743013  0.983938  0.999696   \n",
       "t                  0.750564  0.709501  0.315538  0.757702  0.716536  0.800000   \n",
       "lOCode             0.921918  0.799915  0.454604  0.775873  0.944383  0.962078   \n",
       "lOComment          0.612858  0.384506  0.294208  0.351583  0.596374  0.576844   \n",
       "lOBlank            0.803573  0.538366  0.338243  0.541296  0.798561  0.792330   \n",
       "locCodeAndComment  0.278119  0.209811  0.190911  0.207028  0.284391  0.266537   \n",
       "defects            0.245388  0.208644  0.172973  0.181984  0.204143  0.189136   \n",
       "\n",
       "                          l         d         i         e         b         t  \\\n",
       "loc               -0.286587  0.689543  0.499946  0.750564  0.899965  0.750564   \n",
       "v(g)              -0.252902  0.669057  0.303031  0.709501  0.759635  0.709501   \n",
       "ev(g)             -0.233982  0.434009  0.213211  0.315538  0.445693  0.315538   \n",
       "iv(g)             -0.197736  0.575369  0.309717  0.757702  0.743013  0.757702   \n",
       "n                 -0.240749  0.808113  0.651209  0.716536  0.983938  0.716536   \n",
       "v                 -0.198104  0.752206  0.598743  0.800000  0.999696  0.800000   \n",
       "l                  1.000000 -0.347215 -0.166801 -0.062026 -0.196147 -0.062026   \n",
       "d                 -0.347215  1.000000  0.398162  0.574298  0.751835  0.574298   \n",
       "i                 -0.166801  0.398162  1.000000  0.209268  0.598341  0.209268   \n",
       "e                 -0.062026  0.574298  0.209268  1.000000  0.799868  1.000000   \n",
       "b                 -0.196147  0.751835  0.598341  0.799868  1.000000  0.799868   \n",
       "t                 -0.062026  0.574298  0.209268  1.000000  0.799868  1.000000   \n",
       "lOCode            -0.218373  0.768188  0.563920  0.809070  0.961779  0.809070   \n",
       "lOComment         -0.165885  0.502121  0.392551  0.384806  0.576678  0.384806   \n",
       "lOBlank           -0.223670  0.637211  0.572352  0.600649  0.792081  0.600649   \n",
       "locCodeAndComment -0.106117  0.253793  0.217810  0.148693  0.266720  0.148693   \n",
       "defects           -0.164917  0.169629  0.192831  0.086036  0.189342  0.086036   \n",
       "\n",
       "                     lOCode  lOComment   lOBlank  locCodeAndComment   defects  \n",
       "loc                0.921918   0.612858  0.803573           0.278119  0.245388  \n",
       "v(g)               0.799915   0.384506  0.538366           0.209811  0.208644  \n",
       "ev(g)              0.454604   0.294208  0.338243           0.190911  0.172973  \n",
       "iv(g)              0.775873   0.351583  0.541296           0.207028  0.181984  \n",
       "n                  0.944383   0.596374  0.798561           0.284391  0.204143  \n",
       "v                  0.962078   0.576844  0.792330           0.266537  0.189136  \n",
       "l                 -0.218373  -0.165885 -0.223670          -0.106117 -0.164917  \n",
       "d                  0.768188   0.502121  0.637211           0.253793  0.169629  \n",
       "i                  0.563920   0.392551  0.572352           0.217810  0.192831  \n",
       "e                  0.809070   0.384806  0.600649           0.148693  0.086036  \n",
       "b                  0.961779   0.576678  0.792081           0.266720  0.189342  \n",
       "t                  0.809070   0.384806  0.600649           0.148693  0.086036  \n",
       "lOCode             1.000000   0.553121  0.807319           0.259133  0.195897  \n",
       "lOComment          0.553121   1.000000  0.620149           0.262013  0.160887  \n",
       "lOBlank            0.807319   0.620149  1.000000           0.270338  0.199644  \n",
       "locCodeAndComment  0.259133   0.262013  0.270338           1.000000  0.117891  \n",
       "defects            0.195897   0.160887  0.199644           0.117891  1.000000  "
      ]
     },
     "execution_count": 23,
     "metadata": {},
     "output_type": "execute_result"
    }
   ],
   "source": [
    "jm1.corr()"
   ]
  },
  {
   "cell_type": "code",
   "execution_count": 24,
   "id": "8784e01f",
   "metadata": {},
   "outputs": [
    {
     "data": {
